ds
ds_night

id_listing_anon

id_user_anon

m_effective_daily_price
NULL    8    8    1.0
-2    2    2    1.0
0    3    3    1.0
1    81    8    0.09876543209876543
2    17    16    0.9411764705882353
3    36    32    0.8888888888888888
4    1689    1440    0.8525754884547069
5    29100    13950    0.4793814432989691
6    88181    27320    0.30981730758326625
7    47842    14386    0.30069813134902384
8    12641    2834    0.22419112411992723
9    3003    433    0.1441891441891442
10    1406    75    0.05334281650071124
11    153    3    0.0196078431372549
12    47    0    0.0
13    70    0    0.0

dim_market
Paris    113704    31167    0.27410645183986493
Los Angeles    52698    20980    0.3981175756195681
San Francisco    17877    8363    0.46780779772892545

dim_is_instant_bookable
false    157427    47800    0.30363279488270756
true    26852    12710    0.47333531952927155

m_checkouts
NULL    187    80    0.42780748663101603
1    45443    6341    0.13953744251039765
2    39519    10257    0.2595460411447658
3    33647    11920    0.3542663536125063
4    29582    12759    0.4313095801500913
5    20789    10409    0.5006974842464765
6    11440    6439    0.5628496503496504
7    3411    2107    0.6177074171797127
8    261    198    0.7586206896551724

m_reviews
NULL    187    80    0.42780748663101603
1    56051    8964    0.15992578187721895
2    46894    14061    0.2998464622339745
3    35350    13844    0.3916265912305516
4    25016    11912    0.4761752478413815
5    14474    7807    0.5393809589608954
6    5516    3278    0.59427121102248
7    776    551    0.7100515463917526
8    15    13    0.8666666666666667

days_since_last_booking
NULL    37836    3859    0.10199281107939528
1    9023    5414    0.6000221655768592
2    24181    13363    0.5526239609610851
3    25874    12422    0.48009584911494163
4    24756    10053    0.4060833737275812
5    21587    7149    0.33117153842590447
6    17545    4489    0.25585636933599315
7    12844    2282    0.1776705076300218
8    7654    1138    0.14868042853409982
9    2970    341    0.11481481481481481
10    9    0    0.0

image_quality_score
NULL    14011    4957    0.35379344800513884
0    14580    4042    0.27722908093278464
1    13880    3774    0.2719020172910663
2    14013    3996    0.28516377649325625
3    15395    4726    0.30698278661903217
4    15260    4530    0.29685452162516385
5    15132    4798    0.317076394395982
6    14243    4987    0.35013690935898334
7    15895    5511    0.3467128027681661
8    19261    7142    0.37080110066974714
9    32609    12047    0.36943788524640436

m_total_overall_rating
NULL    187    80    0.42780748663101603
1    56614    9044    0.15974847210937224
2    5651    1474    0.260838789594762
3    25827    7255    0.2809075773415418
4    26240    9304    0.3545731707317073
5    27517    11247    0.40872914925318893
6    21353    10307    0.4826956399569147
7    14116    7617    0.5396004533862284
8    5721    3457    0.60426498863835
9    1029    703    0.6831875607385811
10    24    22    0.9166666666666666

dim_has_wireless_internet
0    11473    1851    0.1613353089863157
1    172806    58659    0.33945001909655914

ds_checkin_gap
NULL    2221    877    0.39486717694732104
0    10032    3497    0.34858452950558216
1    8050    3571    0.4436024844720497
2    6675    3247    0.4864419475655431
3    5562    2772    0.49838187702265374
4    4998    2502    0.5006002400960384
5    4530    2308    0.5094922737306843
6    4231    2047    0.4838099740014181
7    137980    39689    0.2876431366864763

ds_checkout_gap
NULL    2221    877    0.39486717694732104
0    8782    2958    0.3368253245274425
1    6459    2846    0.4406254838210249
2    5170    2549    0.493036750483559
3    3989    2012    0.5043870644271747
4    3246    1616    0.49784349969192854
5    2706    1367    0.5051736881005173
6    2437    1233    0.5059499384489126
7    149269    45052    0.3018175240672879

occ_occupancy_trailing_90_ds
NULL    10218    3714    0.3634762184380505
0    79353    11041    0.13913777676962433
1    14304    4358    0.30467002237136465
2    12200    4649    0.38106557377049183
3    11102    4750    0.42785083768690324
4    9900    4663    0.471010101010101
5    10455    5375    0.5141080822572932
6    10218    5571    0.5452143276570758
7    10203    6088    0.596687248848378
8    9542    5930    0.621463005659191
9    5099    3344    0.6558148656599333
10    1685    1027    0.6094955489614243

price_booked_most_recent
NULL    37836    3859    0.10199281107939528
1    41    4    0.0975609756097561
2    47    30    0.6382978723404256
3    108    41    0.37962962962962965
4    1415    743    0.5250883392226149
5    24801    11169    0.4503447441635418
6    67386    26406    0.3918618110586769
7    39014    14616    0.37463474650125594
8    10426    3053    0.29282562823709957
9    2232    501    0.22446236559139784
10    923    76    0.08234019501625135
11    46    8    0.17391304347826086
12    4    4    1.0

p2_p3_click_through_score
NULL    127110    39318    0.30932263393910786
1    568    149    0.2623239436619718
2    5465    1627    0.2977127172918573
3    14405    4879    0.33870183963901423
4    17064    6092    0.35700890764181903
5    10858    4164    0.3834960397863327
6    5201    2329    0.44779850028840607
7    2056    1016    0.49416342412451364
8    839    460    0.5482717520858165
9    381    235    0.6167979002624672
10    173    123    0.7109826589595376
11    75    53    0.7066666666666667
12    56    43    0.7678571428571429
13    14    10    0.7142857142857143
14    12    11    0.9166666666666666
15    2    1    0.5

p3_inquiry_score
NULL    129290    40459    0.31293216799443113
0    602    124    0.2059800664451827
1    5748    1469    0.2555671537926235
2    14115    4783    0.33885936946510803
3    15049    5698    0.3786298092896538
4    10639    4186    0.3934580317699032
5    5329    2258    0.4237192719084256
6    2192    950    0.4333941605839416
7    756    327    0.43253968253968256
8    351    153    0.4358974358974359
9    156    67    0.42948717948717946
10    29    18    0.6206896551724138
11    17    12    0.7058823529411765
12    6    6    1.0

listing_m_listing_views_2_6_ds_night_decay
NULL    2346    1036    0.4416027280477408
1    107883    20656    0.19146668149754828
3    4958    1887    0.3805970149253731
4    18864    7465    0.3957273112807464
5    19814    9472    0.4780458261835066
6    14555    8586    0.5899003778770182
7    9883    6754    0.6833957300414853
8    4455    3421    0.7679012345679013
9    1281    1032    0.8056206088992974
10    212    175    0.8254716981132075
11    28    26    0.9285714285714286

kdt_score
-5    6    1    0.16666666666666666
0    4400    1141    0.25931818181818184
1    11991    3172    0.26453173213243264
2    20633    5685    0.27552949159114043
3    24544    7108    0.28960234680573665
4    21252    6492    0.30547713156408807
5    32297    10136    0.3138371985014088
6    23107    8195    0.3546544337213831
7    17027    6556    0.38503553180243144
8    11034    4574    0.414536885988762
9    7206    3124    0.4335276158756592
10    6825    2812    0.41201465201465204
11    2025    811    0.4004938271604938
12    889    337    0.37907761529808776
13    394    127    0.3223350253807107
14    243    95    0.39094650205761317
15    406    144    0.35467980295566504

r_kdt_m_effective_daily_price_booked_n100_p50
NULL    12975    2831    0.2181888246628131
1    7    3    0.42857142857142855
3    9    1    0.1111111111111111
4    2059    365    0.17727051966974258
5    33519    9195    0.27432202631343416
6    101165    33249    0.3286610982059012
7    33430    14516    0.4342207597965899
8    977    318    0.3254861821903787
9    127    30    0.23622047244094488
10    11    2    0.18181818181818182

r_kdt_listing_views_0_6_avg_n100
NULL    1    0    0.0
1    53697    13579    0.25288191146618993
2    119297    41959    0.3517188194170851
3    10249    4578    0.446677724656064
4    996    378    0.3795180722891566
5    39    16    0.41025641025641024

----------------------------------------------------------------------------------------
----------------------------------------------------------------------------------------
----------------------------------------------------------------------------------------

m_pricing_cleaning_fee
1    62687    16754    0.26726434507952207
2    4    4    1.0
3    7599    2736    0.3600473746545598
4    28653    10437    0.3642550518270338
5    50244    17813    0.35452989411671043
6    24393    9701    0.397696060345181
7    8927    2837    0.3177999327881707
8    1768    228    0.12895927601809956
9    4    0    0.0

dim_lat
*10
337    1686    494    0.2930011862396204
338    1893    530    0.2799788695192816
339    7844    3634    0.46328403875573687
340    28428    11520    0.40523427606585055
341    11646    4281    0.36759402369912414
342    1201    521    0.4338051623646961
376    793    366    0.46153846153846156
377    16018    7560    0.4719690348358097
378    1066    437    0.4099437148217636
486    642    134    0.2087227414330218
487    1913    427    0.2232096184004182
488    105840    29774    0.2813114134542706
489    4592    754    0.16419860627177701
490    671    62    0.09239940387481371
491    46    16    0.34782608695652173

dim_lng
*10
-1225    735    201    0.27346938775510204
-1224    15340    7264    0.47353324641460237
-1223    1802    898    0.4983351831298557
-1186    606    128    0.21122112211221122
-1185    2293    746    0.3253379851722634
-1184    17283    7366    0.42619915523925245
-1183    19000    7250    0.3815789473684211
-1182    8203    3823    0.46604900646105085
-1181    3947    1239    0.3139092982011654
-1180    793    309    0.3896595208070618
-1179    166    55    0.3313253012048193
-1178    407    64    0.15724815724815724
18    57    13    0.22807017543859648
19    223    2    0.008968609865470852
20    842    88    0.10451306413301663
21    1833    410    0.2236770321876705
22    17011    4408    0.2591264475927341
23    82560    23896    0.289437984496124
24    8704    2048    0.23529411764705882
25    1105    165    0.1493212669683258
26    444    28    0.06306306306306306
27    299    58    0.1939799331103679
28    626    51    0.08146964856230032

dim_room_type
Entire home/apt    129885    43159    0.33228625322400585
Private room    47546    14919    0.3137803390400875
Shared room    6848    2432    0.35514018691588783

dim_person_capacity
1    11986    4375    0.36500917737360256
2    81936    28004    0.34177894942394066
3    19203    6578    0.34255064312867783
4    39739    12553    0.3158861571755706
5    9669    2968    0.30696038887165167
6    12487    3617    0.2896612476976055
7    2121    653    0.30787364450730786
8    3673    1081    0.2943098284780833
9    570    152    0.26666666666666666
10    1188    293    0.24663299663299662
11    150    39    0.26
12    229    37    0.1615720524017467
13    55    3    0.05454545454545454
14    286    57    0.1993006993006993
15    126    6    0.047619047619047616
16    861    94    0.1091753774680604

cancel_policy
3    49015    11667    0.2380291747424258
4    58078    21088    0.36309790282034504
5    77082    27744    0.35992838795049426
6    39    5    0.1282051282051282
7    6    6    1.0
8    59    0    0.0

m_professional_pictures
NULL    187    80    0.42780748663101603
1    131556    39488    0.3001611481042294
2    1165    631    0.5416309012875536
3    11523    5428    0.47105788423153694
4    36786    13851    0.376529114336976
5    2983    1024    0.34327857861213545
6    79    8    0.10126582278481013

ds_night_day_of_week
0    26503    8194    0.30917254650416937
1    26427    8092    0.30620199038861773
2    26348    8193    0.3109533930469106
3    25915    8345    0.3220142774454949
4    26111    8857    0.33920569874765427
5    26553    9426    0.3549881369336798
6    26422    9403    0.35587767769283174

occ_occupancy_plus_minus_7_ds_night
NULL    20727    5525    0.2665605249191875
0    137366    41065    0.2989458818048134
1    3984    2244    0.5632530120481928
2    7563    4284    0.5664418881396271
3    3542    1908    0.538678712591756
4    4622    2385    0.516010385114669
5    1787    979    0.5478455512031337
6    2191    1196    0.5458694659972615
7    1079    447    0.41427247451343835
8    1124    383    0.3407473309608541
9    248    55    0.2217741935483871
10    46    39    0.8478260869565217

occ_occupancy_plus_minus_14_ds_night
NULL    20652    5469    0.2648169668797211
0    125990    34521    0.2739979363441543
1    11187    6011    0.5373201036917851
2    8344    4638    0.5558485139022051
3    6008    3489    0.5807256990679095
4    4396    2389    0.5434485896269335
5    2775    1581    0.5697297297297297
6    2182    1202    0.5508707607699358
7    1553    763    0.49130714745653575
8    943    353    0.3743372216330859
9    207    58    0.28019323671497587
10    42    36    0.8571428571428571

m_minimum_nights
NULL    2221    877    0.39486717694732104
1    68382    20897    0.3055921148840338
2    44259    16600    0.3750649585395061
3    31599    11064    0.350137662584259
4    10494    3495    0.3330474556889651
5    8767    2942    0.33557659404585377
6    2238    557    0.24888293118856122
7    7045    1620    0.22995031937544358
8    130    43    0.33076923076923076
9    7    2    0.2857142857142857
10    566    245    0.43286219081272087
11    11    2    0.18181818181818182
12    45    21    0.4666666666666667
13    24    14    0.5833333333333334
14    1248    325    0.2604166666666667
15    329    134    0.4072948328267477

NULL    2221    877    0.39486717694732104
2    154734    52056    0.3364225057194928
3    18809    5432    0.28879791589132864
4    2514    744    0.29594272076372313
5    4488    1344    0.2994652406417112
6    624    35    0.05608974358974359
7    321    17    0.0529595015576324
8    563    5    0.008880994671403197
9    5    0    0.0

m_maximum_nights
NULL    2225    878    0.3946067415730337
2    2519    391    0.15522032552600237
3    11954    2844    0.23791199598460766
4    18343    5692    0.310309109742136
5    26195    9390    0.3584653559839664
6    8613    3702    0.4298153953326367
7    3793    1698    0.4476667545478513
8    15070    5116    0.33948241539482416
9    1603    453    0.2825951341235184
10    93729    30199    0.3221948383104482
11    113    58    0.5132743362831859
12    7    5    0.7142857142857143
13    115    84    0.7304347826086957

general_market_m_unique_searchers_0_6_ds_night
奇怪，低谷1000-2500
8    3753    1436    0.38262723154809486
9    22071    8825    0.39984595170132753
10    102512    31036    0.30275479943811456
11    55943    19213    0.3434388574084336

3    1728    595    0.3443287037037037
4    1829    754    0.41224712957900495
5    4495    1806    0.4017797552836485
6    3807    1659    0.43577620173364856
7    3429    1291    0.3764946048410615
8    4036    1425    0.3530723488602577
9    5338    2318    0.43424503559385536
10    9631    2884    0.29944969369743535
11    12229    3721    0.30427671927385724
12    13535    3652    0.26981898780938307
13    7430    2235    0.30080753701211305
14    12008    3106    0.25866089273817455
15    9361    2688    0.2871488088879393
16    10821    3315    0.3063487662877738
17    8866    2801    0.3159260094743966
18    10294    3864    0.3753642898775986
19    7412    2465    0.33256880733944955
20    6117    1918    0.31355239496485204
21    7407    2100    0.28351559335763465
22    6979    2122    0.3040550222094856
23    6263    1933    0.3086380328915855
24    7588    2069    0.27266736953083814
25    3989    1239    0.3106041614439709
26    2751    967    0.35150854234823703
27    3332    1255    0.37665066026410565
28    2331    936    0.4015444015444015
29    3190    1408    0.4413793103448276
30    1975    888    0.44962025316455695
31    1590    737    0.46352201257861636
32    1490    745    0.5
33    1254    647    0.5159489633173844
34    258    124    0.4806201550387597
35    514    285    0.5544747081712063
36    1002    558    0.5568862275449101

general_market_m_contacts_0_6_ds_night
奇怪，在200-800有低谷
5    531    170    0.32015065913371
6    13723    6015    0.4383152371930336
7    6867    3295    0.4798310761613514
8    80641    24863    0.3083171091628328
9    72929    21466    0.2943410714530571
10    9588    4701    0.4903003754693367

0    10238    4074    0.39792928306309827
1    7669    4261    0.5556135089320642
2    16435    5375    0.32704593854578645
3    26967    9256    0.3432343234323432
4    35362    9836    0.27815168825292685
5    37719    9891    0.2622285850632307
6    17833    4935    0.2767341445634498
7    13583    4546    0.3346830597069867
8    4277    1684    0.39373392564881926
9    2673    1158    0.4332210998877666
10    3887    1679    0.4319526627218935
11    3677    1738    0.4726679358172423
12    2678    1385    0.5171769977595221
13    1024    593    0.5791015625
14    257    99    0.3852140077821012

general_market_m_reservation_requests_0_6_ds_night
奇怪，低谷在60-120
4    11240    4544    0.40427046263345195
5    42819    15847    0.37009271585044023
6    92373    25388    0.2748422157989889
7    36854    14185    0.38489716177348454
8    993    546    0.5498489425981873

general_market_m_is_booked_0_6_ds_night
0    26236    9860    0.3758194846775423
1    158043    50650    0.32048240035939585

m_available_listings_ds_night
奇怪，分段起伏
log
10    1737    1123    0.6465169833045481
11    15923    7182    0.45104565722539725
12    1920    1084    0.5645833333333333
13    51252    20053    0.3912627799890736
14    101088    28752    0.28442545109211775
15    12359    2316    0.18739380208754752

/1000
1    1277    831    0.6507439310884886
2    8188    4285    0.5233268197361993
3    7750    3041    0.39238709677419353
4    662    206    0.311178247734139
7    1241    780    0.628525382755842
8    8312    4149    0.49915784408084696
9    25053    9008    0.35955773759629583
10    4635    2041    0.44034519956850054
11    4609    1996    0.4330657409416359
12    5169    1960    0.3791835945057071
13    3679    1046    0.28431639032345746
15    257    99    0.3852140077821012
17    300    74    0.24666666666666667
18    917    388    0.42311886586695746
19    8098    3111    0.3841689306001482
20    10753    3374    0.31377290058588303
21    15296    3474    0.22711820083682008
22    17116    3753    0.21926852068240243
23    9867    2629    0.26644370122630995
24    6041    2484    0.41119020029796394
25    11335    3952    0.3486546096162329
26    9712    2847    0.29314250411861614
27    3597    1172    0.3258270781206561
28    2593    539    0.20786733513305053
29    2019    407    0.20158494304110947
30    1342    206    0.15350223546944858
31    1771    267    0.1507622811970638
32    331    75    0.22658610271903323
33    2383    481    0.20184641208560639
34    1559    346    0.22193713919178962
35    3264    599    0.18351715686274508
36    2496    414    0.1658653846153846
37    2657    476    0.17914941663530298



r_kdt_n_active_n100
/10
0    6443    1733    0.26897408039733045
1    10508    3115    0.2964408070041873
2    9958    3088    0.31010243020686884
3    11179    3562    0.318633151444673
4    9976    3494    0.3502405773857257
5    11582    4014    0.3465722673113452
6    11488    4177    0.3635967966573816
7    12011    4367    0.36358338189992506
8    15518    5356    0.34514757056321693
9    17902    6052    0.33806278628086245
10    16570    5300    0.31985515992757996
11    13714    4194    0.3058188712264839
12    9935    3065    0.3085052843482637
13    7919    2604    0.3288293976512186
14    6074    2044    0.33651629897925583
15    4924    1675    0.3401705930138099
16    2036    707    0.3472495088408644

log
NULL    1    0    0.0
2    2491    641    0.25732637494981936
3    7184    2127    0.2960746102449889
4    16086    4878    0.30324505781424843
5    35135    11818    0.3363597552298278
6    91679    30780    0.3357366463421285
7    26848    8861    0.3300432061978546
8    3353    959    0.2860125260960334
9    1502    446    0.2969374167776298

r_kdt_n_available_n100
/10
0    13663    4283    0.3134743467759643
1    18859    6920    0.36693355957367835
2    24476    8977    0.36676744566105574
3    31004    11126    0.3588569216875242
4    31308    10574    0.3377411524211064
5    26515    8239    0.31072977559871773
6    16175    4595    0.28408037094281297
7    9224    2428    0.2632263660017346
8    4698    1113    0.23690932311621968
9    1983    492    0.2481089258698941
10    679    165    0.24300441826215022

log
2    4660    1374    0.29484978540772533
3    14611    4725    0.32338648963109984
4    35022    13038    0.37228028096624977
5    93544    31594    0.33774480458393913
6    31201    8285    0.2655363610140701
7    3897    1097    0.28149858865794203
8    1327    384    0.28937452901281085

r_kdt_m_effective_daily_price_n100_p50
log
NULL    1    0    0.0
1    1    0    0.0
3    3    1    0.3333333333333333
4    248    70    0.28225806451612906
5    22925    6209    0.27083969465648855
6    110389    33537    0.30380744458234066
7    47981    20111    0.41914507826014463
8    1954    382    0.195496417604913
9    740    189    0.2554054054054054
10    37    11    0.2972972972972973

r_kdt_m_effective_daily_price_available_n100_p50
log
NULL    17    13    0.7647058823529411
1    13    10    0.7692307692307693
3    1    0    0.0
4    236    64    0.2711864406779661
5    20370    5545    0.27221404025527735
6    106926    31881    0.29815947477694854
7    51657    21425    0.41475501868091447
8    4072    1324    0.325147347740668
9    910    217    0.23846153846153847
10    77    31    0.4025974025974026
